0 144 28 112; 
500 144 28 0; 
500 144 52 112; 
1000 144 52 0; 
1000 144 43 112; 
1500 144 43 0; 
1500 144 48 112; 
2000 144 48 0; 
2000 144 50 112; 
2500 144 50 0; 
2500 144 59 112; 
3000 144 59 0; 
3000 144 49 112; 
3500 144 49 0; 
3500 144 55 112; 
4000 144 55 0; 
4000 144 56 112; 
4500 144 56 0; 
4500 144 52 112; 
5000 144 52 0; 
5000 144 55 112; 
5500 144 55 0; 
5500 144 48 112; 
6000 144 48 0; 
6000 144 55 112; 
6500 144 55 0; 
6500 144 59 112; 
7000 144 59 0; 
7000 144 71 112; 
7500 144 71 0; 
7500 144 62 112; 
8000 144 62 0; 
8000 144 60 112; 
8500 144 60 0; 
8500 144 55 112; 
9000 144 55 0; 
9000 144 59 112; 
9500 144 59 0; 
9500 144 62 112; 
10000 144 62 0; 
10000 144 60 112; 
10500 144 60 0; 
10500 144 58 112; 
11000 144 58 0; 
11000 144 67 112; 
11500 144 67 0; 
11500 144 63 112; 
12000 144 63 0; 
12000 144 64 112; 
12500 144 64 0; 
12500 144 55 112; 
13000 144 55 0; 
13000 144 60 112; 
13500 144 60 0; 
13500 144 58 112; 
14000 144 58 0; 
14000 144 57 112; 
14500 144 57 0; 
14500 144 53 112; 
15000 144 53 0; 
15000 144 44 112; 
15500 144 44 0; 
15500 144 48 112; 
16000 144 48 0; 
16000 144 47 112; 
16500 144 47 0; 
16500 144 55 112; 
17000 144 55 0; 
17000 144 48 112; 
17500 144 48 0; 
17500 144 50 112; 
18000 144 50 0; 
18000 144 48 112; 
18500 144 48 0; 
18500 144 52 112; 
19000 144 52 0; 
19000 144 63 112; 
19500 144 63 0; 
19500 144 55 112; 
20000 144 55 0; 
20000 144 43 112; 
20500 144 43 0; 
20500 144 49 112; 
21000 144 49 0; 
21000 144 55 112; 
21500 144 55 0; 
21500 144 54 112; 
22000 144 54 0; 
22000 144 64 112; 
22500 144 64 0; 
22500 144 60 112; 
23000 144 60 0; 
23000 144 59 112; 
23500 144 59 0; 
23500 144 50 112; 
24000 144 50 0; 
24000 144 24 112; 
24500 144 24 0; 
24500 144 55 112; 
25000 144 55 0; 
25000 144 50 112; 
25500 144 50 0; 
25500 144 59 112; 
26000 144 59 0; 
26000 144 50 112; 
26500 144 50 0; 
26500 144 63 112; 
27000 144 63 0; 
27000 144 55 112; 
27500 144 55 0; 
27500 144 29 112; 
28000 144 29 0; 
28500 144 55 112; 
29000 144 55 0; 
29000 144 54 112; 
29500 144 54 0; 
29500 144 60 112; 
30000 144 60 0; 
