0 144 52 112; 
500 144 52 0; 
500 144 60 112; 
1000 144 60 0; 
1000 144 55 112; 
1500 144 55 0; 
1500 144 66 112; 
2000 144 66 0; 
2000 144 64 112; 
2500 144 64 0; 
2500 144 38 112; 
3000 144 38 0; 
3000 144 67 112; 
3500 144 67 0; 
4000 144 55 112; 
4500 144 55 0; 
4500 144 50 112; 
5000 144 50 0; 
5000 144 47 112; 
5500 144 47 0; 
6000 144 62 112; 
6500 144 62 0; 
6500 144 71 112; 
7000 144 71 0; 
7000 144 74 112; 
7500 144 74 0; 
7500 144 72 112; 
8000 144 72 0; 
8000 144 71 112; 
8500 144 71 0; 
8500 144 67 112; 
9000 144 67 0; 
9000 144 63 112; 
9500 144 63 0; 
9500 144 60 112; 
10000 144 60 0; 
10000 144 53 112; 
10500 144 53 0; 
10500 144 52 112; 
11000 144 52 0; 
11000 144 55 112; 
11500 144 55 0; 
11500 144 54 112; 
12000 144 54 0; 
12000 144 52 112; 
12500 144 52 0; 
12500 144 48 112; 
13000 144 48 0; 
13000 144 43 112; 
13500 144 43 0; 
13500 144 39 112; 
14000 144 39 0; 
14000 144 47 112; 
14500 144 47 0; 
14500 144 50 112; 
15000 144 50 0; 
15000 144 43 112; 
15500 144 43 0; 
15500 144 45 112; 
16000 144 45 0; 
16000 144 47 112; 
16500 144 47 0; 
16500 144 55 112; 
17000 144 55 0; 
17000 144 50 112; 
17500 144 50 0; 
17500 144 52 112; 
18000 144 52 0; 
18000 144 55 112; 
18500 144 55 0; 
18500 144 48 112; 
19000 144 48 0; 
19000 144 32 112; 
19500 144 32 0; 
19500 144 48 112; 
20000 144 48 0; 
20000 144 50 112; 
20500 144 50 0; 
20500 144 43 112; 
21000 144 43 0; 
21000 144 40 112; 
21500 144 40 0; 
21500 144 47 112; 
22000 144 47 0; 
22000 144 50 112; 
22500 144 50 0; 
22500 144 82 112; 
23000 144 82 0; 
23000 144 67 112; 
23500 144 67 0; 
23500 144 67 112; 
24000 144 67 0; 
24000 144 35 112; 
24500 144 35 0; 
24500 144 36 112; 
25000 144 36 0; 
25000 144 55 112; 
25500 144 55 0; 
25500 144 47 112; 
26000 144 47 0; 
26000 144 62 112; 
26500 144 62 0; 
26500 144 64 112; 
27000 144 64 0; 
27000 144 72 112; 
27500 144 72 0; 
27500 144 67 112; 
28000 144 67 0; 
28000 144 69 112; 
28500 144 69 0; 
28500 144 77 112; 
29000 144 77 0; 
29000 144 76 112; 
29500 144 76 0; 
29500 144 74 112; 
30000 144 74 0; 
